77
58
0
314.0 438.0
340.0 424.0
372.0 422.0
406.0 424.0
446.0 442.0
550.0 454.0
580.0 444.0
624.0 442.0
660.0 450.0
696.0 462.0
338.0 498.0
358.0 488.0
394.0 486.0
414.0 492.0
440.0 516.0
412.0 518.0
390.0 514.0
366.0 510.0
556.0 520.0
584.0 506.0
614.0 502.0
642.0 512.0
656.0 528.0
642.0 532.0
614.0 530.0
586.0 530.0
466.0 528.0
450.0 568.0
434.0 602.0
422.0 640.0
446.0 664.0
482.0 676.0
514.0 672.0
550.0 660.0
548.0 614.0
536.0 576.0
536.0 528.0
378.0 728.0
420.0 712.0
486.0 714.0
548.0 724.0
588.0 736.0
546.0 774.0
478.0 788.0
416.0 770.0
254.0 668.0
264.0 732.0
284.0 786.0
312.0 826.0
356.0 870.0
406.0 898.0
472.0 910.0
542.0 906.0
594.0 880.0
644.0 846.0
678.0 814.0
696.0 774.0
708.0 732.0
58
1
255.0 477.0
276.0 468.0
306.0 462.0
343.0 454.0
367.0 463.0
472.0 463.0
498.0 454.0
526.0 455.0
561.0 460.0
586.0 466.0
284.0 521.0
311.0 506.0
330.0 502.0
355.0 504.0
374.0 513.0
352.0 517.0
333.0 519.0
312.0 519.0
481.0 516.0
502.0 507.0
524.0 504.0
546.0 508.0
562.0 514.0
546.0 517.0
523.0 517.0
504.0 518.0
395.0 520.0
392.0 551.0
379.0 587.0
364.0 617.0
390.0 638.0
428.0 645.0
458.0 640.0
489.0 627.0
475.0 591.0
458.0 549.0
454.0 520.0
331.0 711.0
373.0 691.0
431.0 686.0
487.0 690.0
525.0 707.0
492.0 747.0
427.0 771.0
371.0 749.0
217.0 690.0
229.0 726.0
246.0 773.0
276.0 813.0
308.0 849.0
363.0 884.0
424.0 894.0
495.0 883.0
540.0 857.0
578.0 826.0
620.0 786.0
640.0 741.0
655.0 677.0
58
2
247.0 681.0
272.0 650.0
304.0 636.0
346.0 635.0
399.0 637.0
483.0 616.0
525.0 589.0
576.0 561.0
626.0 544.0
689.0 545.0
298.0 729.0
316.0 711.0
335.0 703.0
368.0 700.0
401.0 707.0
374.0 717.0
345.0 726.0
321.0 731.0
575.0 665.0
599.0 639.0
625.0 621.0
657.0 619.0
690.0 624.0
658.0 636.0
632.0 645.0
606.0 658.0
433.0 707.0
438.0 763.0
426.0 822.0
421.0 865.0
458.0 880.0
501.0 883.0
541.0 866.0
588.0 846.0
547.0 788.0
525.0 740.0
512.0 681.0
423.0 966.0
481.0 958.0
539.0 947.0
636.0 919.0
738.0 894.0
669.0 1000.0
569.0 1048.0
481.0 1038.0
273.0 893.0
314.0 969.0
347.0 1016.0
383.0 1068.0
431.0 1122.0
497.0 1183.0
608.0 1199.0
684.0 1174.0
762.0 1133.0
816.0 1071.0
846.0 987.0
867.0 885.0
864.0 798.0
58
3
416.0 488.0
454.0 478.0
496.0 473.0
536.0 479.0
578.0 501.0
654.0 537.0
690.0 529.0
722.0 538.0
758.0 558.0
790.0 591.0
444.0 543.0
474.0 535.0
502.0 538.0
523.0 542.0
547.0 557.0
514.0 560.0
490.0 557.0
472.0 555.0
656.0 596.0
678.0 587.0
704.0 593.0
724.0 605.0
737.0 620.0
718.0 620.0
692.0 614.0
676.0 607.0
591.0 579.0
571.0 612.0
542.0 664.0
522.0 716.0
549.0 737.0
583.0 743.0
615.0 753.0
645.0 744.0
650.0 688.0
643.0 634.0
645.0 590.0
453.0 845.0
512.0 821.0
567.0 821.0
604.0 840.0
622.0 896.0
585.0 909.0
542.0 889.0
488.0 873.0
224.0 738.0
249.0 853.0
267.0 927.0
292.0 985.0
340.0 1048.0
392.0 1105.0
469.0 1127.0
558.0 1121.0
614.0 1068.0
668.0 1002.0
710.0 940.0
726.0 896.0
750.0 828.0
58
4
259.0 335.0
286.0 325.0
309.0 328.0
329.0 331.0
350.0 340.0
420.0 357.0
444.0 350.0
471.0 351.0
490.0 358.0
511.0 371.0
280.0 367.0
294.0 356.0
310.0 350.0
326.0 357.0
340.0 372.0
323.0 371.0
306.0 371.0
294.0 367.0
428.0 386.0
446.0 378.0
463.0 373.0
478.0 378.0
489.0 390.0
473.0 395.0
457.0 394.0
444.0 392.0
365.0 372.0
356.0 396.0
350.0 429.0
340.0 455.0
356.0 472.0
382.0 490.0
407.0 481.0
426.0 468.0
416.0 439.0
408.0 408.0
405.0 376.0
289.0 505.0
326.0 498.0
373.0 511.0
416.0 510.0
447.0 521.0
412.0 560.0
369.0 567.0
314.0 541.0
210.0 475.0
217.0 507.0
227.0 542.0
244.0 573.0
269.0 605.0
312.0 629.0
358.0 639.0
406.0 636.0
446.0 618.0
468.0 594.0
491.0 566.0
505.0 543.0
514.0 513.0
58
5
157.0 309.0
172.0 301.0
187.0 294.0
204.0 294.0
222.0 298.0
292.0 295.0
311.0 282.0
334.0 276.0
357.0 277.0
379.0 285.0
181.0 329.0
196.0 317.0
210.0 315.0
220.0 316.0
234.0 325.0
221.0 328.0
208.0 330.0
196.0 331.0
304.0 319.0
319.0 308.0
334.0 302.0
352.0 304.0
364.0 312.0
351.0 316.0
336.0 319.0
322.0 318.0
248.0 321.0
247.0 347.0
242.0 377.0
234.0 410.0
250.0 425.0
269.0 432.0
292.0 421.0
315.0 403.0
306.0 381.0
292.0 353.0
288.0 325.0
220.0 459.0
246.0 447.0
271.0 448.0
312.0 439.0
350.0 446.0
319.0 477.0
279.0 495.0
247.0 487.0
153.0 390.0
158.0 427.0
167.0 456.0
185.0 492.0
203.0 523.0
234.0 548.0
280.0 562.0
332.0 560.0
370.0 539.0
396.0 516.0
423.0 481.0
437.0 442.0
439.0 397.0
58
6
125.0 236.0
138.5 229.5
152.0 229.5
161.0 232.0
174.5 236.5
206.0 239.0
221.0 234.5
231.5 235.5
245.0 239.5
257.5 244.5
137.0 247.0
142.0 242.5
152.0 241.5
159.5 242.5
166.0 248.0
158.5 251.0
151.5 252.5
144.5 251.0
210.5 252.0
218.0 246.0
227.0 245.0
236.5 245.0
244.0 249.5
236.5 253.5
227.0 256.5
218.5 254.5
176.0 250.0
172.0 268.0
168.0 283.0
163.0 297.0
173.0 308.0
185.0 315.0
197.0 313.0
212.0 303.0
202.0 284.0
195.0 270.0
192.0 250.0
152.0 324.0
174.0 325.0
189.0 330.0
217.0 328.0
237.0 327.0
220.0 360.0
191.0 367.0
165.0 351.0
108.0 286.0
108.0 308.0
113.0 329.0
124.0 355.0
139.0 375.0
161.0 400.0
195.0 414.0
230.0 405.0
250.0 389.0
268.0 371.0
282.0 343.0
285.0 319.0
288.0 291.0
58
7
66.5 160.0
76.5 156.5
84.0 156.0
91.5 160.5
101.5 167.5
129.0 177.0
145.0 176.5
158.5 177.0
170.5 180.0
184.0 189.0
70.0 183.0
76.0 179.5
81.5 180.5
86.5 183.5
94.0 188.5
87.0 190.5
79.0 189.0
74.5 188.5
133.0 199.5
140.5 195.5
147.5 196.0
154.5 199.0
161.5 204.0
152.0 205.0
144.5 205.0
137.5 203.0
99.0 189.5
94.0 204.5
84.5 220.5
77.0 236.0
84.5 241.0
93.5 245.5
106.5 242.0
120.0 240.5
118.5 224.0
118.5 210.5
122.0 195.0
71.0 259.0
82.0 256.0
93.5 259.0
113.0 263.0
132.0 270.0
112.5 285.5
87.5 286.5
75.5 275.0
51.0 207.5
49.5 226.0
52.0 248.5
56.0 263.0
61.0 282.5
68.0 309.5
87.5 323.5
108.5 326.0
127.5 320.0
143.5 312.5
164.0 302.0
179.5 291.5
198.5 270.0
58
8
148.0 365.0
170.0 355.0
195.0 351.0
222.0 354.0
253.0 359.0
291.0 357.0
319.0 344.0
349.0 335.0
377.0 338.0
405.0 347.0
173.0 389.0
184.0 381.0
200.0 377.0
213.0 379.0
227.0 388.0
212.0 391.0
197.0 392.0
182.0 392.0
322.0 384.0
338.0 374.0
357.0 371.0
370.0 372.0
379.0 376.0
367.0 382.0
353.0 387.0
339.0 390.0
255.0 388.0
254.0 424.0
247.0 449.0
240.0 473.0
257.0 479.0
276.0 486.0
298.0 482.0
317.0 476.0
309.0 449.0
299.0 422.0
292.0 388.0
212.0 529.0
240.0 528.0
282.0 529.0
325.0 525.0
360.0 525.0
320.0 542.0
283.0 545.0
246.0 545.0
149.0 532.0
155.0 561.0
171.0 588.0
193.0 608.0
216.0 619.0
248.0 631.0
296.0 637.0
340.0 630.0
381.0 610.0
412.0 585.0
437.0 563.0
458.0 530.0
457.0 507.0
58
9
374.0 1068.0
388.0 1032.0
426.0 1004.0
480.0 996.0
550.0 990.0
642.0 954.0
682.0 916.0
750.0 886.0
834.0 866.0
922.0 862.0
438.0 1144.0
446.0 1102.0
462.0 1084.0
510.0 1082.0
554.0 1100.0
530.0 1118.0
494.0 1130.0
468.0 1144.0
766.0 1042.0
782.0 1000.0
814.0 974.0
876.0 966.0
932.0 982.0
894.0 998.0
838.0 1016.0
800.0 1026.0
588.0 1090.0
572.0 1138.0
564.0 1222.0
562.0 1316.0
618.0 1332.0
648.0 1322.0
694.0 1302.0
754.0 1262.0
716.0 1184.0
698.0 1122.0
684.0 1062.0
610.0 1506.0
618.0 1446.0
676.0 1434.0
806.0 1418.0
894.0 1430.0
780.0 1506.0
700.0 1546.0
640.0 1554.0
434.0 1356.0
486.0 1464.0
538.0 1544.0
572.0 1602.0
630.0 1668.0
690.0 1742.0
762.0 1748.0
908.0 1728.0
1014.0 1672.0
1118.0 1606.0
1216.0 1504.0
1304.0 1356.0
1328.0 1272.0
58
10
93.0 147.0
101.0 143.5
111.5 143.0
120.5 144.0
129.0 146.0
152.0 152.5
160.5 147.5
169.0 147.5
178.5 147.5
185.0 152.0
103.5 155.5
107.5 152.5
112.0 152.5
117.5 154.5
123.0 157.5
117.0 160.0
112.5 160.5
107.0 158.0
155.0 161.5
160.5 157.0
165.5 156.0
172.0 158.0
175.0 160.5
169.0 164.0
165.0 165.0
160.0 164.5
134.5 160.0
132.5 169.5
129.5 180.0
122.5 189.0
131.5 194.5
137.5 197.0
147.5 196.0
157.5 191.0
152.0 181.5
149.5 172.5
149.5 161.5
119.5 214.5
131.0 210.0
140.5 208.5
150.0 211.0
157.5 213.5
150.0 223.5
139.5 224.5
128.0 223.0
75.0 186.0
76.5 200.5
79.5 216.0
86.0 229.5
99.0 244.5
114.5 255.0
135.5 261.0
155.5 255.5
168.0 245.0
176.5 234.5
184.0 219.5
189.0 206.5
190.5 191.0
58
11
372.0 507.0
417.0 478.0
462.0 469.0
513.0 485.0
573.0 509.0
700.0 520.0
748.0 510.0
802.0 504.0
840.0 508.0
886.0 528.0
416.0 563.0
442.0 548.0
478.0 537.0
514.0 550.0
533.0 572.0
504.0 579.0
472.0 577.0
442.0 570.0
721.0 591.0
754.0 570.0
784.0 560.0
817.0 572.0
837.0 591.0
815.0 597.0
782.0 601.0
755.0 598.0
582.0 586.0
583.0 634.0
574.0 680.0
551.0 743.0
587.0 779.0
638.0 804.0
684.0 783.0
720.0 752.0
699.0 681.0
686.0 640.0
683.0 599.0
444.0 840.0
537.0 823.0
638.0 839.0
718.0 837.0
778.0 859.0
716.0 948.0
606.0 973.0
510.0 944.0
295.0 819.0
323.0 895.0
358.0 961.0
396.0 1026.0
441.0 1080.0
496.0 1115.0
596.0 1141.0
671.0 1126.0
740.0 1090.0
791.0 1042.0
836.0 992.0
877.0 926.0
909.0 846.0
58
12
361.0 569.0
397.0 551.0
447.0 531.0
491.0 537.0
530.0 561.0
650.0 565.0
692.0 546.0
736.0 538.0
775.0 540.0
815.0 561.0
412.0 616.0
434.0 601.0
463.0 595.0
492.0 604.0
521.0 619.0
493.0 620.0
463.0 622.0
438.0 620.0
660.0 620.0
686.0 601.0
715.0 593.0
747.0 601.0
766.0 613.0
736.0 621.0
712.0 621.0
686.0 622.0
569.0 622.0
555.0 676.0
528.0 722.0
503.0 757.0
547.0 802.0
597.0 820.0
639.0 801.0
682.0 770.0
661.0 709.0
640.0 668.0
634.0 623.0
449.0 854.0
503.0 835.0
593.0 837.0
701.0 829.0
740.0 857.0
685.0 937.0
595.0 961.0
507.0 938.0
329.0 822.0
341.0 895.0
370.0 965.0
409.0 1011.0
459.0 1057.0
516.0 1086.0
602.0 1108.0
678.0 1082.0
728.0 1046.0
776.0 1001.0
806.0 952.0
832.0 897.0
847.0 807.0
58
13
186.0 454.0
215.0 438.0
242.0 436.0
276.0 438.0
307.0 445.0
408.0 442.0
437.0 435.0
465.0 427.0
495.0 431.0
530.0 440.0
226.0 505.0
249.0 493.0
263.0 488.0
286.0 493.0
305.0 506.0
287.0 510.0
263.0 513.0
244.0 511.0
418.0 494.0
439.0 485.0
457.0 477.0
483.0 479.0
498.0 490.0
484.0 496.0
463.0 500.0
446.0 501.0
330.0 512.0
324.0 552.0
314.0 586.0
298.0 623.0
327.0 640.0
360.0 651.0
399.0 641.0
433.0 625.0
412.0 591.0
392.0 540.0
388.0 503.0
276.0 710.0
322.0 689.0
367.0 696.0
435.0 688.0
466.0 710.0
414.0 761.0
360.0 773.0
309.0 753.0
162.0 640.0
174.0 691.0
196.0 742.0
234.0 792.0
271.0 828.0
314.0 862.0
376.0 876.0
455.0 850.0
503.0 812.0
550.0 767.0
578.0 724.0
597.0 672.0
602.0 616.0
58
14
171.0 338.0
183.0 327.0
205.0 315.0
234.0 317.0
254.0 321.0
306.0 311.0
325.0 301.0
345.0 296.0
369.0 296.0
392.0 303.0
189.0 360.0
197.0 345.0
215.0 340.0
235.0 341.0
251.0 352.0
239.0 359.0
223.0 362.0
208.0 366.0
318.0 335.0
330.0 326.0
348.0 320.0
368.0 322.0
381.0 329.0
366.0 340.0
351.0 344.0
334.0 340.0
267.0 348.0
264.0 385.0
263.0 407.0
255.0 440.0
270.0 449.0
290.0 450.0
307.0 445.0
331.0 435.0
318.0 407.0
311.0 372.0
306.0 335.0
235.0 510.0
265.0 493.0
298.0 492.0
339.0 493.0
362.0 503.0
335.0 524.0
307.0 532.0
273.0 530.0
142.0 463.0
153.0 496.0
171.0 530.0
196.0 567.0
223.0 593.0
258.0 610.0
301.0 621.0
347.0 610.0
383.0 586.0
420.0 543.0
440.0 502.0
451.0 463.0
450.0 428.0
58
15
149.0 440.0
172.0 423.0
200.0 415.0
229.0 417.0
259.0 423.0
344.0 409.0
382.0 388.0
415.0 377.0
448.0 372.0
482.0 373.0
189.0 499.0
202.0 479.0
219.0 475.0
241.0 472.0
269.0 486.0
248.0 495.0
225.0 501.0
207.0 503.0
382.0 462.0
397.0 447.0
428.0 434.0
451.0 435.0
472.0 444.0
458.0 452.0
435.0 456.0
408.0 462.0
289.0 484.0
284.0 531.0
285.0 571.0
277.0 622.0
299.0 630.0
329.0 635.0
364.0 615.0
395.0 594.0
366.0 554.0
358.0 522.0
354.0 467.0
268.0 697.0
304.0 678.0
347.0 669.0
395.0 657.0
462.0 653.0
401.0 699.0
358.0 713.0
319.0 716.0
167.0 626.0
183.0 669.0
198.0 700.0
226.0 740.0
262.0 781.0
307.0 822.0
378.0 835.0
442.0 821.0
497.0 780.0
546.0 743.0
592.0 685.0
601.0 616.0
605.0 527.0
58
16
316.0 828.0
352.0 800.0
384.0 788.0
424.0 788.0
458.0 794.0
584.0 754.0
622.0 730.0
668.0 716.0
712.0 710.0
760.0 712.0
360.0 876.0
378.0 852.0
400.0 840.0
432.0 836.0
464.0 850.0
440.0 870.0
420.0 882.0
384.0 886.0
640.0 804.0
662.0 778.0
682.0 760.0
720.0 760.0
750.0 766.0
732.0 786.0
706.0 802.0
672.0 802.0
500.0 856.0
506.0 924.0
496.0 980.0
496.0 1044.0
528.0 1054.0
582.0 1066.0
630.0 1030.0
674.0 1008.0
630.0 928.0
614.0 884.0
594.0 826.0
498.0 1162.0
546.0 1140.0
626.0 1120.0
708.0 1108.0
784.0 1096.0
726.0 1212.0
650.0 1242.0
564.0 1234.0
334.0 1100.0
354.0 1178.0
392.0 1248.0
456.0 1318.0
528.0 1380.0
604.0 1414.0
696.0 1420.0
806.0 1386.0
858.0 1330.0
914.0 1240.0
944.0 1144.0
968.0 1026.0
972.0 908.0
58
17
204.5 237.0
224.0 228.0
241.5 227.5
258.5 229.0
275.0 235.0
312.5 247.0
325.0 243.5
342.0 244.0
352.0 247.0
358.5 254.0
221.5 257.5
230.5 253.0
240.5 250.5
249.0 252.5
260.0 260.0
249.0 263.5
238.5 263.5
231.0 260.5
312.5 270.0
321.0 263.5
330.5 263.0
342.0 266.0
351.0 271.5
341.5 275.5
331.0 275.5
321.5 275.0
279.0 258.0
275.0 282.0
267.0 295.0
259.0 319.0
276.0 330.0
294.0 332.0
307.0 331.0
320.0 324.0
317.0 303.0
309.0 284.0
310.0 264.0
232.0 360.0
261.0 353.0
292.0 356.0
311.0 359.0
327.0 371.0
318.0 395.0
281.0 401.0
249.0 385.0
138.0 338.0
148.0 377.0
166.0 403.0
182.0 430.0
204.0 451.0
233.0 471.0
266.0 482.0
302.0 474.0
323.0 452.0
343.0 433.0
356.0 409.0
365.0 376.0
371.0 351.0
58
18
156.5 223.5
172.0 221.5
188.0 218.0
202.0 220.0
215.5 220.5
250.0 227.0
261.0 221.0
274.0 220.5
286.0 222.0
295.0 225.5
168.5 245.0
176.5 238.5
184.5 235.5
195.0 238.5
206.0 247.0
194.0 249.5
185.0 250.0
178.0 250.0
249.0 245.5
255.0 237.5
265.5 237.5
276.5 240.5
284.5 245.5
277.5 250.0
267.0 253.0
258.5 251.0
222.5 247.0
222.0 271.0
215.0 286.5
210.5 307.5
224.0 312.0
237.0 314.5
249.0 312.0
258.0 306.0
253.0 282.5
249.5 266.0
247.0 245.5
193.5 346.0
219.0 337.5
236.0 339.0
254.0 340.5
267.0 351.5
254.0 362.0
235.0 364.5
213.0 358.0
89.0 314.0
94.5 341.5
110.5 366.0
125.0 385.5
155.0 408.0
185.5 422.5
218.5 427.0
238.0 425.0
262.0 407.5
278.5 385.0
291.0 360.0
296.0 329.5
300.5 302.0
58
19
103.5 163.0
113.5 159.5
124.5 158.0
134.5 159.5
146.5 164.5
179.0 167.5
191.0 165.0
203.0 164.5
212.0 167.5
221.5 173.0
118.5 180.0
125.5 176.5
132.5 177.0
138.0 178.0
143.0 183.5
138.0 184.0
130.0 183.5
123.5 182.5
185.0 185.0
191.0 182.0
200.0 181.5
208.5 184.0
212.5 186.5
208.0 188.5
200.0 188.5
191.5 188.0
152.0 185.5
151.0 199.0
146.5 208.5
140.0 222.5
147.0 226.0
159.0 229.5
172.0 228.5
182.0 226.0
179.0 214.0
174.5 200.5
175.0 188.0
126.0 249.5
140.0 246.5
158.5 246.0
176.5 248.0
193.5 255.5
181.0 273.0
155.5 278.5
134.5 267.5
86.0 227.0
89.0 250.0
94.5 261.0
101.5 275.5
112.0 290.5
122.0 299.5
146.0 313.5
171.0 312.5
190.0 301.0
205.5 291.5
222.0 278.0
236.5 257.5
239.0 235.0
58
20
97.5 198.5
111.0 193.5
123.5 195.0
138.5 196.0
154.0 201.0
180.0 199.5
195.5 197.0
208.5 197.0
221.0 198.0
231.0 201.0
113.5 217.0
119.5 213.0
128.5 213.0
136.0 214.5
141.5 218.0
135.5 219.5
128.0 220.5
119.5 220.5
189.0 220.5
194.0 216.5
204.0 213.5
212.5 214.0
220.0 219.0
214.0 221.5
205.5 224.5
197.0 224.5
159.0 215.0
155.5 235.5
152.0 248.0
145.0 264.5
155.5 268.5
165.5 271.0
175.0 270.5
185.0 265.0
180.0 248.5
178.0 236.0
176.0 215.0
127.0 291.5
144.5 292.5
163.5 294.0
181.0 294.0
198.5 296.5
177.0 303.5
162.5 304.5
146.5 301.5
79.0 274.0
86.0 292.5
91.5 308.5
103.0 322.0
119.0 337.0
136.0 343.5
163.0 349.0
185.5 345.0
204.5 337.0
219.5 327.5
232.0 312.0
242.0 294.5
247.5 279.5
58
21
86.0 168.0
96.0 160.5
110.5 159.5
124.5 161.5
135.0 166.0
167.5 164.5
178.0 162.5
188.5 162.0
199.0 162.5
207.0 169.0
98.5 178.5
107.0 176.0
113.0 174.0
119.5 175.5
126.5 178.0
120.5 180.5
114.0 180.5
106.5 179.5
168.0 181.0
174.0 177.0
181.0 175.0
188.0 176.5
193.0 180.0
187.5 181.5
181.0 182.5
175.0 183.0
138.0 177.5
139.0 190.5
134.5 205.5
126.0 223.0
135.5 230.0
146.0 234.0
156.5 229.5
167.0 220.0
161.0 206.5
158.0 193.0
157.0 178.5
108.5 243.5
125.5 236.5
145.0 238.5
165.5 238.5
185.0 242.5
167.0 265.5
143.5 273.0
123.5 265.0
75.0 230.5
81.0 247.0
86.0 261.0
94.5 274.5
104.5 290.0
123.5 304.0
144.0 311.0
169.0 306.0
185.0 292.5
196.5 278.0
204.5 262.0
210.0 248.5
214.5 232.5
58
22
71.5 164.5
83.5 158.0
98.5 158.0
113.0 163.0
122.5 168.5
154.5 164.5
170.0 159.0
184.0 159.0
196.5 159.5
205.5 166.0
88.5 184.0
97.0 181.0
104.0 181.0
110.5 182.5
117.5 185.0
111.5 187.5
105.0 187.5
97.5 187.0
159.0 188.0
165.0 184.0
172.0 182.0
179.0 183.5
184.0 187.0
178.5 188.5
172.0 189.5
166.0 190.0
129.0 184.5
124.5 199.5
120.0 211.0
109.5 230.5
125.5 241.5
136.0 243.0
148.5 238.5
158.0 230.0
152.0 213.5
149.0 200.0
148.0 185.5
96.0 259.0
112.5 257.0
130.0 256.0
149.0 256.5
170.0 259.5
151.0 275.5
130.0 280.0
116.0 275.5
64.5 229.0
68.0 253.0
73.0 268.5
81.0 283.0
92.0 299.5
109.0 318.0
130.0 321.0
154.0 316.0
174.5 307.5
189.0 293.5
208.5 284.0
217.0 263.0
220.5 249.0
58
23
75.0 188.5
84.5 182.0
96.5 176.0
110.0 178.5
121.5 181.5
160.5 183.0
172.0 179.0
182.5 178.0
196.5 181.0
207.0 186.0
87.0 197.5
93.0 192.0
102.0 189.0
112.0 192.0
120.0 198.0
111.5 199.0
103.0 201.0
94.0 200.5
165.0 198.0
171.5 194.0
179.5 191.5
189.5 193.5
195.0 198.0
188.5 200.5
179.5 202.0
171.5 200.5
130.5 198.5
128.5 212.5
124.5 226.0
119.0 236.5
127.5 247.5
138.0 251.5
150.5 248.0
161.0 243.5
154.5 225.5
153.0 215.0
153.0 200.5
101.0 264.0
119.0 263.0
139.0 265.0
157.0 263.0
185.5 264.0
160.0 293.5
132.0 296.0
113.0 288.0
65.5 262.5
69.5 277.0
78.5 295.5
89.0 308.5
100.5 322.5
114.5 332.5
136.0 338.0
159.0 332.5
178.0 323.5
199.0 312.0
214.0 293.5
223.5 276.0
226.0 259.0
58
24
121.0 222.0
136.5 213.5
150.5 214.0
163.5 215.5
176.0 222.5
216.0 218.5
229.0 214.0
242.0 212.5
253.0 213.5
266.0 223.5
137.0 237.0
142.5 233.5
152.0 231.5
160.0 232.5
165.0 237.0
160.5 238.0
152.0 240.0
143.5 240.0
223.0 236.0
230.5 233.0
238.5 232.5
246.0 234.0
252.5 237.5
244.5 241.0
236.0 241.5
230.0 241.0
183.5 236.5
184.0 252.0
180.5 265.0
173.5 283.0
182.0 287.5
192.0 288.5
201.5 287.5
219.0 282.0
211.0 262.5
210.0 251.0
209.5 235.0
152.5 312.0
171.5 307.5
191.5 308.0
216.0 308.5
239.0 314.5
211.5 339.0
189.5 341.0
168.0 335.5
109.0 296.5
110.5 320.0
120.0 344.5
132.5 360.0
147.5 375.5
164.5 386.5
191.0 391.5
216.5 388.5
246.5 371.5
262.5 357.5
279.0 336.5
287.5 318.0
295.0 294.0
58
25
85.0 125.25
93.5 123.0
99.75 123.5
105.75 125.75
113.0 128.75
134.25 130.5
143.0 130.75
148.75 131.0
153.75 133.75
158.75 136.75
89.5 132.75
94.0 130.75
99.5 131.0
104.0 131.75
108.5 134.25
104.0 135.0
99.75 135.75
94.75 135.25
136.5 138.5
142.0 136.75
147.0 137.0
151.25 138.5
154.5 141.75
148.75 142.5
145.0 141.5
140.75 140.75
118.5 135.75
115.25 144.5
111.5 154.0
109.5 165.25
114.5 167.0
120.5 168.0
128.0 168.75
133.0 166.0
131.0 156.0
129.25 147.75
129.5 137.5
98.0 184.75
104.0 178.25
119.5 178.75
130.25 183.0
139.25 189.75
131.0 193.5
118.75 190.25
108.0 190.25
63.25 164.75
64.5 177.75
70.0 189.0
77.75 198.5
86.75 208.25
101.0 216.75
115.5 221.75
132.5 221.25
140.25 217.5
149.0 209.75
154.0 202.25
159.25 191.0
161.5 180.25
58
26
60.5 90.75
70.0 88.5
77.75 87.5
83.75 87.5
90.75 88.0
109.75 89.5
117.0 89.0
124.25 89.75
130.0 92.0
136.5 95.75
67.75 101.5
72.0 99.0
76.5 98.75
80.75 98.75
84.75 101.75
80.5 103.0
76.0 103.25
71.75 102.75
112.75 103.25
118.25 101.25
122.25 101.5
126.5 101.75
129.75 104.25
126.25 106.25
121.25 105.75
117.25 105.5
91.75 104.25
90.0 112.0
88.0 119.75
83.75 128.0
88.5 129.75
95.5 132.0
103.75 129.75
109.75 127.0
108.0 119.25
104.75 111.5
103.0 103.25
75.5 148.75
84.75 143.5
95.75 143.5
108.5 143.75
117.5 147.25
107.5 154.5
95.0 153.0
86.25 153.0
53.5 147.0
55.25 154.75
60.75 163.25
67.0 170.5
74.5 177.0
84.0 180.0
93.75 180.0
105.75 179.75
116.75 177.75
126.5 173.0
134.0 166.25
140.5 156.75
142.5 147.75
58
27
31.75 79.0
36.0 77.0
40.25 76.75
43.25 76.25
48.0 76.25
59.0 74.0
61.5 73.5
65.75 72.75
69.5 72.75
76.0 73.25
35.5 83.0
37.25 80.5
39.75 80.0
42.5 79.75
46.0 81.0
44.5 82.75
42.0 83.5
38.75 83.5
63.0 79.5
66.25 78.5
68.75 78.0
70.5 77.75
73.0 77.75
71.0 79.5
69.5 80.5
66.75 80.75
51.5 81.0
51.0 89.0
49.5 94.25
47.5 98.75
50.5 100.0
54.5 100.25
58.0 99.5
61.75 98.0
60.0 93.0
58.5 88.5
57.0 79.75
48.5 110.75
51.5 107.5
57.0 107.0
63.75 106.5
69.25 108.5
64.0 113.75
58.0 115.0
53.5 115.0
33.0 99.0
35.5 108.25
39.0 116.25
41.5 120.5
45.25 124.0
52.75 128.25
58.25 129.75
72.0 128.5
82.5 124.5
89.5 117.5
94.25 110.0
96.5 103.0
96.25 92.75
58
28
65.25 69.75
69.25 69.0
72.75 69.0
77.75 69.0
82.25 69.5
90.5 72.75
92.0 72.5
95.0 73.5
97.75 73.75
100.25 75.25
66.5 77.25
68.0 76.5
70.25 76.0
71.75 76.75
75.75 78.0
72.75 79.0
69.75 79.0
68.0 78.5
92.25 79.5
94.0 78.5
95.25 78.75
97.25 78.75
99.25 80.75
96.75 80.75
95.0 80.75
93.25 80.5
83.75 78.0
82.5 83.75
79.5 88.75
77.75 94.75
82.0 96.0
86.25 96.5
90.75 97.0
94.75 94.5
92.25 86.0
90.75 82.0
89.5 77.5
74.5 107.0
80.0 105.75
84.75 106.25
88.25 105.75
92.25 108.75
89.25 111.25
85.5 111.75
79.5 110.25
40.5 101.25
42.0 110.0
47.75 117.5
52.75 120.25
61.25 123.5
74.25 126.75
86.5 127.75
93.25 126.0
95.75 121.0
97.0 113.0
98.5 107.5
99.25 103.75
101.0 98.0
58
29
143.0 243.5
152.5 235.5
166.0 230.0
185.5 229.0
205.0 231.5
268.5 228.0
284.5 224.0
302.0 223.5
316.5 224.0
329.0 231.0
163.0 259.5
171.5 249.0
182.5 244.5
196.0 243.5
206.0 254.0
192.0 258.5
183.0 260.0
173.5 260.5
269.5 253.0
281.0 244.0
295.0 239.5
307.0 241.0
315.5 249.5
305.5 252.5
294.5 256.0
283.0 255.5
223.5 255.0
224.5 270.5
221.0 289.5
212.0 306.0
224.0 318.0
241.0 326.5
256.0 318.5
273.0 305.5
262.0 288.0
258.0 270.5
254.5 251.0
186.5 351.5
212.5 339.5
239.5 342.0
277.5 338.0
306.0 344.5
284.0 376.0
239.5 389.0
208.5 382.5
144.5 357.5
151.5 378.0
163.0 398.5
176.5 418.0
193.5 432.0
217.0 443.5
252.0 447.5
289.5 435.5
312.0 423.0
335.5 407.0
349.0 389.0
358.5 365.0
361.5 337.5
58
34
211.5 270.5
226.0 266.5
238.5 266.0
252.5 268.0
268.0 272.0
309.0 272.0
323.5 274.0
334.5 276.0
344.5 279.5
354.0 286.5
219.0 282.5
226.0 278.5
236.0 277.5
247.0 278.0
259.5 285.5
245.5 288.5
235.5 289.5
226.5 287.0
305.5 289.5
315.0 285.0
326.0 288.0
336.0 290.0
342.5 300.5
332.0 301.0
323.5 299.5
314.5 295.5
273.0 287.0
267.0 311.0
262.0 326.0
255.0 344.5
267.0 350.5
288.0 355.0
296.5 351.5
311.0 345.0
304.0 326.0
299.5 306.0
298.0 287.5
229.0 390.0
253.0 380.0
277.0 380.0
298.0 385.5
310.0 400.0
293.0 416.0
273.5 420.5
249.5 412.0
146.5 352.5
145.5 377.0
156.0 402.0
167.0 420.0
184.0 443.0
220.5 462.5
256.0 470.5
294.5 465.0
316.5 449.5
331.0 426.0
346.0 402.0
355.5 380.0
358.0 350.5
58
35
93.75 131.75
101.0 129.5
109.25 129.75
116.75 131.5
122.75 133.5
140.0 137.5
147.25 137.0
155.75 138.5
162.25 141.75
168.0 146.0
95.5 139.0
102.5 135.5
106.25 135.75
110.75 137.0
116.75 139.25
111.0 141.0
106.0 141.0
101.0 140.0
144.25 147.5
151.25 147.25
156.25 148.0
161.25 148.75
166.0 151.0
160.75 151.5
155.25 152.25
150.25 150.75
120.5 144.0
119.5 153.5
117.5 162.0
112.0 171.5
116.5 174.5
124.5 175.5
133.0 175.5
137.0 170.0
136.0 163.0
136.0 155.0
136.5 145.5
98.5 193.5
108.5 189.5
118.0 190.5
127.5 192.0
135.5 198.5
128.0 201.5
117.0 202.0
107.5 199.0
72.0 169.5
71.5 183.0
75.0 194.5
79.5 206.5
86.5 217.0
98.5 225.5
114.5 232.0
132.5 230.0
144.5 226.0
157.5 221.0
165.0 215.0
174.0 203.5
179.5 190.0
58
36
38.0 54.25
40.25 53.0
43.75 51.75
47.0 52.25
49.5 53.0
59.75 53.25
63.5 52.25
67.0 52.0
70.75 52.25
73.5 53.25
40.5 56.75
42.75 56.25
44.25 56.5
46.0 56.0
48.25 56.0
46.75 57.75
44.75 58.0
42.75 58.0
61.25 57.5
63.25 56.0
65.0 55.75
67.5 55.75
69.75 56.0
67.75 57.75
65.25 58.25
63.25 58.25
53.25 56.5
52.25 61.25
51.5 66.75
50.0 70.75
53.25 72.75
56.5 74.25
59.25 73.5
62.0 71.0
60.25 67.25
58.75 62.75
58.0 57.75
45.5 78.0
50.5 78.5
55.5 78.0
59.5 77.5
65.0 76.75
59.75 81.75
55.5 82.5
50.25 80.5
28.75 66.0
30.0 74.25
31.25 80.5
35.25 87.0
39.75 91.25
47.0 95.5
58.0 95.5
65.75 91.25
68.75 87.25
71.5 82.0
73.5 76.0
74.75 71.25
75.0 66.5
58
37
38.75 56.75
42.0 55.5
44.75 54.25
47.75 53.75
50.0 54.25
58.25 53.75
61.25 52.25
64.5 52.75
66.75 53.0
69.25 54.25
41.75 62.5
43.75 60.0
45.5 59.5
47.25 59.875
49.125 60.375
47.625 62.375
45.25 62.75
43.5 62.75
59.875 59.5
61.5 58.375
63.625 57.75
65.25 58.625
66.375 59.5
65.125 60.25
63.5 60.5
61.625 60.25
51.875 59.5
52.625 63.25
53.25 66.375
53.0 72.25
56.625 73.875
59.25 74.125
61.75 73.25
63.5 71.125
61.25 66.0
59.625 62.0
58.875 59.5
52.0 83.875
56.0 81.625
58.625 80.75
61.75 81.625
63.75 83.5
61.375 86.375
58.125 87.25
54.875 86.25
30.125 81.5
34.5 86.875
37.75 90.75
41.375 94.0
46.5 97.125
52.625 98.875
56.75 99.125
62.25 97.625
66.0 93.625
67.875 89.625
70.125 85.125
71.5 81.125
72.125 74.625
58
38
149.5 265.0
171.0 254.0
190.0 254.0
205.0 257.5
223.0 263.5
275.5 269.0
292.0 263.5
311.0 264.5
329.0 268.5
340.0 279.0
172.5 279.0
182.5 272.0
190.0 273.0
203.5 273.5
217.5 282.5
203.5 288.5
191.0 288.5
179.5 285.0
276.5 287.0
290.5 282.0
303.5 280.5
314.5 283.0
324.0 291.0
312.5 296.0
302.5 296.0
293.5 293.5
243.0 286.0
237.0 308.5
229.0 330.5
222.5 343.5
239.5 355.5
257.5 361.0
276.5 360.5
292.0 345.0
281.0 332.0
277.0 312.5
272.0 290.0
189.0 382.5
217.5 378.5
246.5 385.5
271.5 387.0
293.0 392.5
274.0 408.5
246.0 413.0
214.0 402.0
99.0 365.0
107.5 395.0
122.5 416.5
145.5 435.0
167.0 452.0
196.5 464.5
238.5 474.5
273.0 471.0
298.5 455.0
327.0 432.5
337.5 416.0
342.5 397.5
346.0 361.0
58
39
140.0 143.0
152.0 136.5
173.0 135.0
188.5 142.0
196.0 155.0
239.5 167.0
256.0 161.5
275.0 162.5
293.0 166.5
304.0 177.0
155.0 176.0
164.0 168.5
174.0 167.0
182.5 175.0
186.0 184.5
176.5 186.5
169.0 186.0
160.5 182.0
235.0 201.0
239.5 196.0
251.5 191.5
258.5 195.5
264.5 203.0
259.0 205.5
251.0 206.0
244.0 205.0
202.5 183.0
201.0 199.5
195.0 210.5
182.0 225.5
198.5 234.0
209.5 237.5
223.5 237.0
232.0 230.5
231.5 217.5
228.5 206.0
227.5 192.5
146.5 270.0
170.5 256.5
202.5 252.0
227.5 262.5
229.0 292.0
204.5 341.5
175.0 339.0
143.5 326.5
86.5 248.0
85.5 283.0
91.0 308.5
105.0 336.0
123.0 364.5
140.5 379.0
164.0 388.0
188.5 384.0
213.0 367.0
226.5 354.5
236.0 339.0
244.0 323.5
258.0 304.0
58
40
173.5 216.5
188.0 211.5
205.0 212.0
220.5 210.5
239.5 217.0
285.0 229.0
296.0 227.0
311.0 226.5
322.5 229.0
331.5 236.0
183.5 243.0
193.0 238.0
205.0 239.5
217.5 242.5
226.5 248.0
218.0 253.0
204.5 250.5
194.0 247.5
284.5 257.0
293.5 253.5
304.5 254.0
313.5 255.5
321.5 261.5
313.5 266.0
303.0 266.0
294.5 263.5
252.0 246.0
249.0 267.0
241.5 286.5
232.5 301.0
247.0 313.0
263.5 320.5
277.5 323.0
288.5 315.5
288.0 296.0
282.0 275.0
281.0 251.5
194.0 344.5
233.5 342.0
263.0 347.0
279.5 351.0
288.0 357.0
282.5 376.0
263.0 386.0
229.0 374.0
108.5 305.5
122.5 346.0
137.0 373.5
163.5 404.5
182.0 424.5
209.5 440.0
247.0 448.5
278.5 436.0
299.0 404.5
308.0 385.0
321.5 361.0
327.5 339.0
333.5 309.0
58
41
130.5 190.5
148.0 186.0
164.0 186.0
174.0 189.5
187.0 197.0
231.0 206.5
248.5 205.5
261.5 205.0
275.5 209.5
287.5 217.5
143.0 210.0
151.0 203.5
161.5 203.5
172.0 207.5
178.0 216.5
169.0 218.5
159.0 217.5
151.0 216.0
230.0 227.5
241.5 221.0
254.0 221.0
263.0 228.0
269.0 235.5
260.0 236.5
251.0 237.5
240.5 234.0
193.0 222.0
188.0 235.5
177.0 248.5
170.0 266.5
179.0 274.0
191.5 280.0
209.5 278.5
222.5 272.0
215.0 257.0
215.0 239.0
216.0 222.0
143.0 289.0
162.5 285.5
189.5 289.5
213.5 297.5
229.0 309.5
209.0 329.5
182.0 329.5
159.0 319.5
92.0 276.5
92.5 297.5
95.5 313.5
106.0 341.0
116.5 355.5
133.5 368.5
165.0 381.5
195.5 384.5
218.0 377.5
237.5 367.0
259.0 354.5
276.5 338.5
287.5 314.0
58
42
114.5 214.0
123.0 208.0
139.0 206.0
151.5 207.5
163.0 211.0
210.5 210.0
227.5 204.5
246.5 202.0
263.5 204.5
273.5 211.0
129.5 235.0
136.5 228.0
148.0 225.5
155.5 228.0
163.5 231.5
154.5 235.0
147.5 236.0
138.0 236.5
217.0 232.0
224.5 226.0
237.0 222.0
248.5 224.5
255.0 231.0
247.0 234.0
238.5 235.0
225.5 235.0
175.5 234.0
173.5 255.5
167.0 273.0
156.5 287.5
169.0 294.5
184.5 301.0
200.5 294.0
215.5 285.5
205.5 269.5
201.5 255.5
200.5 237.0
140.5 313.5
159.0 308.0
186.0 312.5
218.5 309.5
246.0 319.5
207.0 345.5
178.5 350.0
152.5 336.0
105.0 277.0
105.5 301.0
111.5 325.5
117.5 342.0
132.5 369.0
153.5 390.0
181.5 401.5
203.5 399.5
223.0 392.5
251.5 382.0
274.5 361.5
289.5 340.5
302.5 304.0
58
43
111.0 258.5
120.0 251.0
134.5 248.0
152.5 247.5
166.0 251.0
212.5 240.0
235.5 230.0
255.5 225.0
269.5 227.5
286.5 232.5
130.5 274.0
141.5 266.5
149.0 264.0
161.0 264.5
169.5 268.0
162.5 270.5
151.5 272.5
143.0 274.0
231.0 260.0
242.0 252.5
250.0 246.5
261.5 249.0
272.0 252.5
261.0 260.5
251.5 261.5
242.5 262.0
178.5 268.5
181.0 294.5
177.5 323.5
175.0 349.5
186.5 355.5
201.5 355.0
218.0 347.5
228.5 334.5
217.0 303.5
213.5 280.0
209.5 259.5
173.0 384.0
186.0 374.5
205.0 373.0
230.5 368.0
267.0 362.5
236.0 390.5
205.5 401.0
188.0 396.5
114.5 335.5
120.5 362.5
128.0 388.0
137.0 408.0
156.5 432.0
177.5 453.0
214.0 468.0
248.5 457.5
286.0 439.0
312.5 406.0
331.0 379.0
348.5 340.5
358.0 309.0
58
44
164.0 236.5
177.0 233.5
188.0 232.5
207.0 238.5
228.0 246.0
267.5 253.5
282.5 250.5
296.0 251.5
310.0 256.5
326.0 262.5
181.5 263.5
191.0 260.5
200.0 258.0
206.5 263.0
217.5 271.5
205.0 272.5
197.0 272.5
187.5 268.5
270.0 276.0
276.5 271.5
289.5 272.5
300.0 276.0
307.0 283.5
294.0 286.5
284.0 285.5
274.5 281.5
234.5 274.0
227.0 293.5
219.5 310.5
210.5 329.0
221.5 335.5
241.5 338.0
259.0 338.0
268.0 331.0
261.5 305.5
259.0 289.5
257.0 276.5
190.5 364.0
214.0 358.0
235.5 357.5
261.0 362.0
273.5 374.0
260.0 387.0
232.0 388.0
209.5 381.0
126.0 323.5
126.5 349.5
130.0 380.5
142.5 403.5
162.5 419.0
185.5 429.5
216.0 439.0
243.5 439.0
269.0 434.5
295.0 419.0
310.0 402.5
314.5 382.0
320.0 359.0
58
45
125.0 239.0
135.0 233.5
150.0 230.5
161.5 231.0
178.0 232.5
220.0 228.0
235.5 222.0
249.0 220.5
264.5 222.5
280.0 226.0
149.0 256.0
154.0 250.0
163.5 245.5
173.0 246.0
183.5 249.0
175.0 254.0
166.5 257.0
156.5 257.5
232.0 245.0
241.5 239.0
251.5 238.0
264.0 241.0
272.0 245.5
265.0 248.5
253.0 250.5
241.5 249.0
189.0 245.5
192.0 261.0
187.0 279.5
182.5 300.0
194.5 306.5
208.0 308.0
223.5 304.0
234.0 298.5
223.5 274.0
219.5 259.5
217.5 242.5
170.0 335.0
186.5 322.5
211.5 324.0
240.5 324.5
262.5 331.5
244.0 358.0
210.0 368.0
185.0 360.5
124.0 317.0
127.5 339.0
136.0 365.0
149.0 387.0
168.0 404.5
186.5 419.0
213.5 423.0
242.0 420.0
263.5 407.0
281.0 387.5
297.5 366.5
309.0 343.0
312.0 302.5
58
46
96.0 199.0
111.5 195.0
125.0 198.5
138.5 203.0
152.0 208.0
200.5 212.5
215.0 211.5
232.0 212.5
250.0 216.0
260.0 227.0
110.5 222.5
118.5 218.5
128.5 216.0
138.0 219.5
147.0 230.5
136.0 232.0
125.5 230.0
117.0 227.5
201.5 236.5
212.5 232.0
223.0 231.0
233.5 234.0
240.5 239.0
232.0 244.0
222.5 243.0
210.5 241.5
158.5 232.0
153.5 249.0
144.0 264.5
138.5 286.5
147.5 295.0
162.5 302.0
181.5 301.0
195.5 292.0
189.0 274.5
187.5 259.0
185.5 238.5
121.5 316.0
136.5 316.5
158.5 319.0
184.0 320.5
206.0 326.5
189.0 349.0
155.0 352.5
133.0 340.0
76.0 281.0
78.5 306.5
82.5 329.0
92.0 353.5
102.0 373.5
121.5 396.5
152.5 413.0
185.0 407.0
210.5 396.0
228.0 378.5
245.5 359.0
261.5 338.0
276.5 309.0
58
47
66.5 232.5
75.0 223.0
87.0 219.0
102.5 216.0
118.0 217.5
159.5 207.0
176.0 201.5
191.0 198.5
206.5 198.5
225.5 200.5
79.0 250.5
84.5 242.5
94.5 238.0
108.5 236.5
114.5 245.0
106.0 248.5
95.5 252.5
88.5 253.5
173.5 234.5
184.0 223.5
191.0 219.5
202.0 220.0
213.5 223.5
208.0 230.5
197.0 233.5
185.0 233.5
126.0 239.5
126.5 253.5
127.5 271.5
121.5 293.5
134.0 301.0
147.5 301.5
161.0 296.0
175.0 286.5
167.0 273.5
161.0 257.0
156.5 237.5
127.0 338.0
141.5 328.0
162.5 326.5
188.5 317.5
213.0 317.0
198.5 344.0
167.5 359.5
143.5 360.0
77.5 319.0
87.0 345.5
98.5 365.0
112.5 382.5
133.0 401.0
157.5 416.5
181.5 417.0
216.5 408.5
237.0 390.0
258.0 363.0
268.0 335.5
276.5 304.5
283.0 271.5
58
48
88.0 185.0
100.0 178.0
112.0 172.0
128.0 171.0
143.0 174.5
192.0 172.0
209.0 167.5
223.0 163.5
235.5 165.5
252.0 171.0
111.0 205.5
115.0 201.5
127.5 196.0
136.0 198.0
145.0 203.0
137.5 208.0
128.0 210.0
116.5 210.0
202.0 198.5
209.0 189.0
217.5 187.0
229.0 188.5
238.0 196.5
229.5 200.0
220.0 202.5
211.0 201.0
160.5 196.5
160.0 215.0
156.0 236.5
150.5 255.5
160.5 261.0
172.5 262.0
187.5 257.0
200.0 248.0
191.0 227.0
183.5 208.5
184.0 195.5
138.0 295.5
157.5 284.0
181.0 280.5
204.0 282.0
225.0 286.5
201.0 298.0
178.5 302.0
159.5 304.5
95.0 288.5
98.5 310.0
103.0 328.5
113.5 341.5
129.0 359.0
152.5 374.5
178.0 377.5
216.5 369.5
245.0 355.0
268.5 340.0
284.5 321.0
292.5 295.0
297.0 267.5
58
49
96.0 235.5
105.0 225.5
116.5 221.0
127.5 216.5
144.5 211.0
192.0 195.5
210.0 188.5
227.5 184.5
244.5 184.0
260.5 186.0
121.5 257.5
127.5 251.0
134.0 247.5
141.5 246.5
150.5 250.0
144.5 254.5
137.5 256.5
129.5 257.0
212.0 228.0
219.0 222.5
229.0 221.5
237.5 220.5
249.5 223.0
241.0 226.5
229.5 230.5
219.0 230.0
161.5 243.0
162.5 261.0
158.5 284.5
153.5 304.5
167.0 308.0
181.0 305.5
198.0 299.5
217.5 288.5
200.0 271.5
193.5 257.0
188.5 239.0
162.0 356.5
169.5 336.0
189.0 328.0
221.5 325.0
249.0 331.5
225.5 355.0
200.5 365.5
180.5 368.5
99.0 318.0
105.0 343.5
112.5 367.0
128.5 394.0
148.5 414.0
173.0 428.0
216.0 428.0
254.0 418.5
283.5 401.0
306.0 383.5
325.5 360.5
339.0 335.0
348.5 302.0
58
50
105.5 257.0
112.5 243.0
127.0 234.0
139.0 230.0
158.0 227.5
203.0 216.0
216.0 208.5
235.5 206.5
252.5 202.5
271.0 205.5
124.0 264.5
131.5 255.5
139.5 252.0
153.5 251.0
166.0 256.0
155.5 262.0
143.0 265.5
131.0 266.0
226.5 241.5
233.0 232.5
243.0 231.5
254.0 233.0
266.5 236.5
253.5 241.0
242.0 241.5
232.5 242.5
174.0 250.0
171.0 272.5
168.0 290.5
161.0 310.0
173.5 317.0
188.5 315.0
206.0 309.0
229.5 297.5
213.5 275.0
210.5 260.0
208.5 243.0
163.0 361.5
181.5 350.0
199.5 342.5
225.5 342.5
258.0 344.0
231.5 357.5
204.5 362.0
183.0 363.5
117.0 362.5
123.5 381.0
133.5 396.5
146.5 414.5
166.5 434.0
188.5 445.0
215.5 445.0
264.0 432.5
297.0 414.5
315.5 396.5
334.5 371.0
342.5 343.5
348.0 309.5
58
51
178.5 247.5
191.5 240.0
206.5 241.0
223.5 244.5
243.0 254.5
303.5 264.0
320.5 259.5
339.0 261.0
358.5 267.5
372.0 279.5
194.5 275.0
203.0 273.5
214.5 273.0
224.5 276.0
233.0 286.0
220.5 286.0
209.0 283.5
200.5 279.5
301.5 299.0
313.0 291.0
324.5 290.5
336.0 295.0
345.5 304.5
333.0 305.0
320.5 303.5
310.5 302.0
247.5 288.5
238.5 310.5
233.0 328.5
221.0 350.0
235.5 359.0
253.0 362.5
271.0 365.0
286.5 367.5
282.5 340.5
282.5 319.0
284.5 295.0
204.0 393.5
220.5 383.5
250.5 387.5
275.0 396.0
289.0 413.0
266.5 425.5
241.0 421.5
219.5 413.0
140.0 360.0
139.0 395.0
143.5 422.5
157.0 453.0
178.0 473.0
201.0 490.5
230.0 496.0
271.0 493.5
311.0 478.0
334.0 460.5
349.5 445.5
365.0 423.0
377.5 402.5
58
52
230.0 298.0
248.5 291.0
264.5 295.0
284.0 296.0
307.0 302.5
371.0 313.0
388.0 313.0
404.0 315.5
417.5 317.5
431.5 325.5
248.5 329.5
261.5 323.5
270.5 320.0
284.0 323.0
296.0 332.5
282.5 335.5
269.0 335.5
259.5 333.0
363.0 340.5
377.0 336.0
387.0 338.0
398.5 344.0
407.5 353.5
392.5 353.0
381.0 349.5
370.0 347.0
320.5 334.5
321.0 368.5
318.0 389.0
313.0 419.5
327.0 425.0
345.0 432.0
356.0 432.0
369.0 426.5
370.0 401.0
363.5 372.5
359.5 341.5
280.5 478.5
314.5 468.0
336.0 476.5
354.5 476.0
365.5 484.0
348.0 501.0
330.0 508.0
303.5 497.5
167.0 425.0
171.0 462.5
179.0 496.0
203.5 522.5
230.5 548.5
269.5 566.5
320.0 574.5
350.0 566.0
368.5 541.0
384.5 516.5
399.5 490.5
410.0 461.5
419.0 434.5
58
53
117.0 400.0
132.0 388.0
153.0 386.0
168.0 388.0
195.0 391.0
264.0 371.0
286.0 363.0
313.0 356.0
339.0 356.0
364.0 359.0
146.0 422.0
155.0 406.0
172.0 400.0
186.0 405.0
198.0 413.0
185.0 417.0
173.0 424.0
159.0 426.0
289.0 402.0
306.0 387.0
323.0 378.0
343.0 379.0
364.0 389.0
345.0 397.0
325.0 400.0
308.0 402.0
207.0 414.0
203.0 470.0
195.0 506.0
199.0 537.0
211.0 539.0
232.0 538.0
250.0 532.0
273.0 522.0
268.0 485.0
256.0 455.0
251.0 418.0
195.0 577.0
211.0 570.0
240.0 569.0
289.0 569.0
326.0 575.0
282.0 604.0
246.0 611.0
219.0 603.0
129.0 525.0
154.0 580.0
168.0 622.0
191.0 658.0
206.0 692.0
227.0 710.0
251.0 714.0
307.0 706.0
357.0 699.0
412.0 676.0
465.0 630.0
489.0 570.0
498.0 505.0
58
55
125.0 240.0
136.5 235.0
150.5 229.0
165.5 227.0
180.5 231.5
233.5 228.0
248.5 221.5
262.0 219.0
279.5 218.0
292.5 218.5
137.5 249.5
146.5 243.0
155.0 240.5
168.5 240.5
180.0 246.0
168.5 251.0
157.0 252.0
148.5 251.5
236.0 247.5
244.5 239.0
256.0 236.5
266.0 237.0
276.0 242.0
268.5 247.0
257.5 248.5
247.0 249.0
189.5 243.0
189.5 270.0
186.0 288.0
180.0 309.0
193.0 314.5
207.0 316.0
224.0 312.0
237.5 303.5
230.0 284.0
223.0 264.0
222.0 244.0
169.5 343.5
187.0 335.0
211.0 331.5
238.5 329.5
267.5 339.0
243.0 370.5
215.0 379.5
191.5 369.5
123.0 328.0
134.0 359.5
143.5 383.5
157.5 405.0
172.0 425.5
194.0 443.0
218.5 448.0
252.5 443.0
279.5 430.5
300.0 406.5
316.0 379.0
326.5 349.5
335.0 319.5
58
56
121.0 198.0
133.0 196.0
146.0 201.0
160.5 205.0
174.5 213.0
229.5 223.0
245.5 219.5
261.0 219.5
275.0 220.0
294.0 223.5
135.5 226.0
144.0 219.5
154.0 218.0
169.0 222.5
179.5 236.5
167.0 241.0
150.0 242.0
139.5 235.0
233.5 246.0
243.0 235.5
257.5 233.0
271.0 235.5
281.5 246.5
270.5 252.0
257.5 255.0
243.5 252.5
189.5 238.0
182.5 257.5
177.0 276.5
168.0 303.0
180.0 307.5
191.5 309.5
209.5 309.0
229.0 302.0
220.0 279.0
218.0 260.5
217.0 239.0
148.5 331.0
164.5 323.5
189.5 326.0
217.0 327.0
250.5 343.0
226.0 366.0
187.5 377.5
157.5 366.5
102.0 305.5
110.0 337.5
119.0 362.0
131.5 383.5
149.0 407.5
166.0 422.5
188.0 430.5
221.5 426.5
257.5 412.0
279.5 398.5
298.0 379.0
313.5 354.0
324.0 331.0
58
57
118.0 325.5
130.0 318.5
140.0 311.5
158.0 309.0
175.5 311.5
226.0 295.5
244.5 286.0
264.0 280.5
285.5 280.5
303.0 287.0
137.0 344.5
149.0 334.5
160.0 330.5
170.5 329.0
183.0 335.0
172.0 340.5
160.0 345.0
147.5 346.5
248.0 314.5
259.0 307.0
274.0 305.0
285.5 305.0
295.5 311.5
285.0 314.5
272.5 318.0
259.0 317.0
187.0 326.5
190.5 346.0
189.5 362.5
185.5 394.5
197.0 401.0
210.0 403.5
227.0 396.5
241.5 388.5
231.5 363.0
226.0 350.0
220.5 325.0
185.5 451.5
198.0 436.5
222.5 428.0
260.5 422.0
298.0 429.0
283.0 456.0
236.5 477.5
207.0 477.5
118.5 414.0
128.5 450.5
143.5 482.0
158.0 503.0
177.5 529.0
202.0 542.0
248.0 549.5
295.5 533.5
329.5 513.5
352.5 482.5
365.5 455.5
376.5 432.0
383.5 404.0
58
58
164.0 280.0
181.0 272.0
201.0 266.0
227.0 271.0
250.0 276.0
317.0 280.0
339.0 274.0
357.0 273.0
380.0 277.0
405.0 292.0
188.5 307.0
200.5 302.5
213.0 299.5
226.0 304.0
236.0 314.0
225.5 316.5
211.5 316.5
200.5 315.0
331.5 313.0
343.0 307.5
354.5 307.5
368.5 310.0
380.0 318.0
369.5 322.0
356.5 325.0
343.0 319.5
270.0 304.5
264.0 336.0
257.0 361.5
240.5 388.0
255.0 402.5
276.0 407.0
299.0 404.0
321.5 393.0
311.5 354.0
306.5 322.5
304.5 307.0
220.0 463.0
248.0 442.0
282.0 443.0
313.0 449.0
348.0 458.0
316.0 483.0
282.0 492.0
245.0 488.0
145.0 460.0
156.0 485.0
167.0 510.0
185.0 526.0
208.0 549.0
240.0 567.0
281.0 574.0
327.0 567.0
368.0 544.0
392.0 520.0
414.0 490.0
424.0 464.0
431.0 433.0
58
59
179.0 299.0
203.0 278.0
226.0 277.0
250.0 281.0
276.0 291.0
339.0 292.0
366.0 282.0
389.0 282.0
414.0 284.0
440.0 294.0
199.0 333.0
215.0 316.0
231.0 312.0
245.0 313.0
265.0 334.0
250.0 342.0
231.0 344.0
215.0 344.0
345.0 337.0
363.0 321.0
383.5 315.5
407.0 322.0
423.0 335.5
409.5 345.5
385.0 348.5
362.0 347.0
292.0 326.5
286.0 358.0
279.0 383.5
258.0 422.0
270.0 432.0
290.0 437.0
315.0 433.0
340.0 419.0
327.0 382.0
318.0 358.0
318.0 330.0
234.0 486.0
261.0 463.0
295.0 469.0
339.0 473.0
371.0 493.0
342.0 519.0
294.0 529.0
257.0 522.0
166.0 465.0
171.0 494.0
187.0 531.0
203.0 556.0
227.0 579.0
258.0 596.0
306.0 606.0
355.0 593.0
397.0 577.0
431.0 542.0
450.0 517.0
461.0 490.0
471.0 458.0
58
60
177.0 360.0
205.5 358.5
223.0 357.0
243.5 357.5
270.5 363.0
329.0 359.5
347.5 353.5
372.0 349.5
390.5 347.0
406.0 352.5
201.0 384.5
212.5 376.0
226.5 374.0
239.5 376.0
255.0 387.5
242.5 392.5
229.0 394.0
215.5 394.5
339.0 386.0
348.0 374.5
360.0 370.0
379.0 373.0
389.5 383.0
375.5 388.5
365.5 390.0
351.0 389.5
289.0 382.0
284.0 407.0
276.0 429.0
261.0 456.0
286.0 468.0
311.0 477.0
328.0 467.0
344.0 451.0
332.0 426.0
322.0 401.0
317.0 381.0
220.0 504.0
258.0 499.0
300.0 498.0
333.0 496.0
360.0 498.0
342.0 541.0
299.0 557.0
250.0 541.0
129.0 462.0
138.0 500.0
156.0 532.0
173.0 565.0
201.0 589.0
231.0 614.0
298.0 629.0
354.0 614.0
380.0 580.0
398.0 550.0
411.0 516.0
421.0 484.0
425.0 448.0
58
61
203.5 308.0
227.5 302.0
243.5 304.0
262.5 310.0
286.0 329.0
350.5 352.5
370.0 352.5
387.5 352.5
405.0 355.0
424.0 369.0
226.0 342.0
240.5 338.0
259.0 340.5
269.5 348.0
279.0 362.5
264.5 364.5
247.5 360.5
233.5 354.0
345.0 379.5
359.0 373.5
381.0 373.5
394.0 378.5
404.0 396.0
388.5 396.0
372.5 393.0
358.0 388.0
293.0 368.5
284.5 390.5
275.5 409.0
255.5 432.5
275.0 444.5
291.0 455.5
311.0 457.5
332.0 452.5
321.0 422.5
321.5 397.0
328.0 374.5
206.5 469.5
241.5 463.5
282.5 469.5
318.0 482.0
351.0 502.0
321.0 529.0
265.0 532.0
226.5 510.0
146.0 426.0
143.5 470.0
150.5 509.0
167.0 538.5
185.0 561.0
216.5 588.5
249.0 600.5
282.5 605.0
317.5 602.5
342.0 589.5
364.5 566.5
390.5 536.0
416.0 497.5
58
62
222.5 409.0
242.0 398.5
268.5 396.5
297.5 401.0
322.0 405.0
397.0 416.0
423.5 409.0
455.5 401.0
481.0 397.5
508.0 403.0
246.0 441.0
261.5 432.0
284.5 427.0
307.0 430.0
321.0 442.5
304.0 449.5
286.5 451.0
264.0 448.5
409.5 447.5
427.5 434.0
453.5 428.5
471.0 431.5
487.5 443.5
471.0 445.0
452.5 453.0
429.5 451.0
341.0 444.5
341.5 476.0
334.0 505.0
316.5 549.5
342.5 562.5
364.5 565.0
393.0 563.0
414.5 546.0
400.5 514.5
390.5 477.5
387.5 441.5
280.5 583.0
322.5 583.5
362.0 592.0
404.5 587.5
450.5 587.0
411.0 645.0
360.5 659.0
307.0 637.0
196.5 548.0
213.0 589.0
227.5 623.0
250.5 655.0
277.0 687.5
312.5 730.0
354.5 747.0
408.0 734.0
443.0 707.5
475.5 677.0
499.0 647.0
519.0 599.5
531.0 552.5
58
63
229.0 403.0
255.0 395.0
294.0 398.0
328.0 411.0
357.0 423.0
449.0 440.0
481.0 434.0
508.0 438.0
537.0 445.0
557.0 466.0
261.0 452.0
281.0 443.0
307.0 439.0
330.0 450.0
344.0 466.0
325.0 470.0
302.0 468.0
283.0 464.0
443.0 489.0
463.0 473.0
486.0 465.0
513.0 472.0
525.0 495.0
510.0 501.0
488.0 506.0
464.0 499.0
372.0 471.0
360.0 499.0
350.0 537.0
334.0 571.0
357.0 585.0
392.0 593.0
412.0 594.0
443.0 586.0
432.0 548.0
427.0 521.0
423.0 485.0
253.0 624.0
315.0 607.0
373.0 621.0
429.0 633.0
475.0 660.0
407.0 713.0
350.0 716.0
296.0 692.0
148.0 605.0
155.0 642.0
167.0 676.0
191.0 710.0
237.0 758.0
284.0 783.0
333.0 805.0
400.0 802.0
452.0 783.0
493.0 753.0
524.0 719.0
548.0 680.0
560.0 642.0
58
66
88.0 144.0
97.0 138.5
107.0 137.5
115.0 138.5
125.5 143.5
146.5 141.5
154.5 138.0
166.0 136.5
177.5 137.5
185.0 144.5
98.5 156.0
102.5 151.5
109.5 150.5
116.5 149.5
122.0 153.5
117.0 157.0
109.5 160.0
104.0 159.0
156.5 151.5
161.5 147.5
167.0 145.0
172.5 147.0
178.5 149.5
174.0 152.5
170.0 154.5
163.0 154.0
131.0 156.0
129.0 166.5
127.0 175.0
120.5 187.0
131.0 193.5
142.0 194.5
153.0 191.0
160.5 188.5
155.5 175.5
152.5 166.5
150.5 154.5
123.0 215.5
129.0 210.0
142.5 208.0
151.5 209.5
164.0 211.5
154.0 219.5
142.5 222.5
129.5 221.0
78.5 209.0
86.5 224.0
93.0 232.0
102.0 243.0
112.5 251.0
128.0 256.5
142.5 259.0
158.0 254.5
170.0 248.5
178.0 241.0
183.5 230.0
188.5 217.0
192.0 202.5
58
67
55.75 119.0
61.0 115.75
66.5 114.75
73.0 116.25
78.5 118.0
100.5 118.25
106.25 116.75
112.0 116.25
117.75 117.75
122.75 120.25
61.75 125.0
64.75 123.25
68.5 121.75
73.0 122.0
78.0 123.25
74.25 126.0
69.5 127.5
65.5 127.5
102.75 125.75
106.5 122.75
111.25 122.5
115.25 123.25
118.5 126.75
116.25 127.5
111.5 128.0
107.0 127.0
84.5 128.25
84.25 137.5
81.75 147.25
78.75 158.25
85.5 162.5
90.25 164.0
98.75 160.5
103.75 156.25
99.75 146.0
99.0 134.75
98.5 125.25
71.25 172.5
81.5 169.25
91.25 171.25
102.5 170.5
111.5 172.25
103.25 177.5
91.25 179.0
81.5 177.25
45.5 156.0
49.0 171.5
53.0 182.0
59.0 191.0
67.0 198.5
78.5 204.5
92.5 208.0
109.0 203.0
120.0 195.5
127.5 184.5
136.0 172.0
140.0 161.0
140.5 148.5
58
68
65.5 105.25
70.75 102.0
76.25 101.0
82.75 102.5
88.25 104.25
105.25 99.5
115.0 97.75
122.0 96.25
129.25 97.25
134.5 98.75
67.25 118.25
70.5 115.25
75.25 112.75
80.25 113.5
84.5 115.25
79.25 118.75
75.25 119.25
71.5 119.0
111.5 110.75
116.5 107.75
122.0 106.75
126.25 108.25
130.0 111.5
126.0 113.25
121.75 112.75
116.25 112.0
94.25 114.5
94.0 123.75
91.5 133.5
86.25 141.0
91.5 145.5
98.5 147.5
107.75 144.5
112.0 137.75
107.0 129.75
105.25 121.75
104.0 115.0
78.0 158.0
89.25 151.5
100.5 152.25
113.25 151.5
127.75 153.0
116.5 167.0
102.5 173.75
89.25 170.0
55.25 142.25
58.75 157.75
62.75 168.25
68.75 177.25
77.5 185.25
91.25 191.25
104.75 194.0
120.0 190.0
133.25 181.5
139.75 172.0
146.5 160.75
148.0 149.75
147.75 135.75
58
69
55.75 98.0
58.25 94.0
61.75 92.5
68.5 93.0
73.75 94.25
95.25 93.75
104.25 89.5
110.5 88.0
118.25 89.25
126.0 92.0
62.25 106.5
65.5 102.5
69.75 100.25
74.75 101.75
78.0 103.5
75.0 107.0
70.75 107.25
66.25 107.5
99.75 101.5
104.5 98.5
108.75 96.5
114.75 97.0
118.75 100.0
117.0 103.75
111.0 104.75
104.25 103.75
80.5 103.5
81.0 111.5
81.5 121.0
78.75 133.0
83.75 137.0
88.5 138.25
95.75 136.5
100.75 132.5
99.0 124.0
96.0 110.75
94.5 103.5
74.5 147.5
80.0 144.0
91.25 143.5
105.0 139.5
121.0 141.75
107.25 155.5
96.5 159.75
84.75 158.5
57.0 132.0
62.25 146.0
66.0 154.5
71.0 162.5
78.5 171.75
85.75 179.5
97.25 182.5
114.75 180.5
125.5 171.75
135.5 163.0
143.0 152.0
147.75 139.75
151.0 128.0
58
70
48.25 108.5
50.75 103.75
55.0 101.5
61.0 101.5
66.25 102.5
92.25 100.0
97.25 98.25
104.0 97.75
110.75 98.5
117.75 101.5
54.25 117.0
55.75 114.25
59.25 112.0
64.0 110.75
68.5 112.75
65.5 115.75
61.25 117.5
57.5 118.25
93.75 113.0
97.5 109.25
101.75 108.0
109.0 108.75
112.75 112.0
108.25 114.25
103.5 114.25
98.5 114.0
73.75 114.0
73.25 125.0
72.5 134.75
70.5 145.0
74.25 148.0
80.5 148.25
85.25 145.25
92.75 139.25
89.5 130.25
88.0 122.75
86.75 112.5
66.75 156.75
73.25 153.75
83.0 153.75
97.25 150.75
110.75 153.5
100.0 167.0
84.75 174.0
74.0 170.25
50.25 148.5
54.75 157.5
58.0 167.25
62.75 175.5
70.0 184.25
79.0 191.25
89.5 195.75
104.0 194.0
115.0 188.75
123.5 181.0
132.75 169.75
138.25 158.25
143.0 143.0
58
71
58.25 137.25
60.75 132.5
65.0 130.25
71.0 130.25
79.0 131.0
101.5 128.0
108.75 124.75
114.75 124.0
122.0 124.0
127.25 124.5
66.0 143.25
68.75 140.75
71.5 139.5
75.5 139.75
79.25 141.0
76.25 143.5
72.0 144.25
68.75 144.0
110.0 135.0
113.0 132.75
117.0 131.25
121.0 132.5
125.0 134.25
121.0 136.0
117.0 136.5
113.25 136.5
86.0 139.0
85.5 151.5
83.75 159.0
81.25 172.5
88.75 175.75
97.0 175.25
105.75 169.5
113.5 162.25
104.0 151.25
101.75 144.5
98.5 137.25
82.75 188.0
91.5 183.25
101.5 181.25
112.75 179.5
127.75 179.75
117.25 194.5
104.25 197.25
93.5 197.75
63.5 165.5
66.0 182.5
68.25 190.75
72.75 201.5
80.75 208.75
89.5 219.0
106.0 226.0
121.5 224.25
134.5 217.25
145.5 207.75
155.25 195.5
163.25 181.75
169.25 167.0
58
72
56.0 90.75
59.75 85.75
66.25 84.0
71.0 85.0
78.5 86.25
95.5 84.0
102.75 82.25
110.0 80.75
119.75 80.75
127.0 82.5
63.5 97.75
66.5 94.75
71.0 93.25
75.25 93.25
80.25 96.25
75.0 99.75
71.0 100.25
66.5 98.75
104.25 92.75
108.5 90.25
113.0 89.0
117.0 90.75
122.25 93.5
117.0 94.25
111.75 95.25
108.5 94.5
84.25 95.75
81.75 107.25
77.25 116.5
73.25 125.25
79.25 129.25
85.5 129.75
95.0 128.0
105.25 122.25
100.0 109.0
98.5 104.0
96.75 94.0
71.75 145.5
77.25 137.5
88.5 136.0
105.25 136.75
122.0 142.5
109.25 158.25
92.0 166.5
81.0 163.0
56.25 132.25
59.0 144.5
62.75 154.0
68.0 163.75
76.0 173.5
83.5 181.5
96.0 185.75
112.0 185.0
127.5 180.75
138.5 171.0
148.5 157.75
155.75 145.25
159.25 131.25
58
73
51.25 116.75
56.25 112.5
62.75 110.0
70.5 107.75
75.75 107.0
95.75 102.0
102.0 99.5
110.75 99.5
119.75 100.25
129.0 101.75
60.75 123.0
63.0 119.0
67.0 117.25
71.0 116.5
76.0 116.5
72.0 120.0
67.75 122.25
64.25 122.75
105.5 110.0
108.75 108.75
112.75 108.25
116.5 108.75
120.5 111.25
116.75 112.75
112.5 112.5
109.0 111.5
80.25 107.75
81.0 119.5
79.25 126.75
76.25 141.25
82.5 143.25
90.0 141.5
96.75 139.5
107.25 135.75
98.5 122.25
93.75 115.5
91.5 107.25
72.75 168.0
78.5 155.0
91.0 151.75
108.0 151.25
120.0 159.75
110.75 170.75
95.75 174.0
83.0 174.75
52.25 173.75
56.25 183.5
61.25 190.75
67.75 199.0
74.5 204.0
84.75 210.25
95.25 212.5
108.75 209.75
125.5 202.5
138.75 191.25
147.0 182.25
153.75 169.5
156.5 156.0
58
74
179.0 242.0
194.0 235.5
211.5 235.0
228.5 239.0
245.5 249.5
290.0 253.0
308.5 247.5
322.0 247.0
342.5 251.0
355.5 260.0
186.0 262.0
198.5 257.0
211.5 255.0
221.5 258.0
233.0 268.5
219.5 271.0
208.5 270.5
196.5 267.5
293.0 275.0
304.5 268.0
315.5 266.0
326.5 269.5
334.5 275.5
326.0 280.5
314.5 282.5
304.0 281.0
252.0 277.0
248.5 292.5
245.0 313.0
241.0 334.0
250.0 342.5
267.0 349.5
282.5 344.5
290.0 336.5
288.5 310.5
284.0 292.0
282.5 275.5
197.5 360.5
231.0 358.0
260.0 365.0
284.0 366.0
312.5 368.0
293.0 400.0
254.5 408.0
218.5 396.0
137.5 345.0
146.5 376.5
156.0 402.0
171.0 425.5
191.5 443.0
216.5 455.0
253.5 461.5
286.5 458.0
310.0 441.5
324.5 426.5
334.5 410.5
343.0 393.5
353.0 365.5
58
75
123.5 238.5
135.5 231.0
149.5 227.5
162.0 227.5
174.0 234.0
216.5 230.5
232.5 227.0
247.5 225.5
262.5 228.5
272.0 235.0
132.0 254.0
141.5 247.0
150.0 244.5
163.0 246.5
170.0 251.5
158.0 256.0
151.0 257.5
143.0 257.5
223.0 250.5
233.5 243.0
244.0 241.5
251.5 245.5
258.5 251.5
251.5 253.0
241.5 254.0
231.5 253.0
175.5 251.5
176.0 261.5
175.0 279.0
170.0 300.0
177.0 308.5
189.0 313.5
208.5 309.0
221.5 300.0
216.5 280.5
214.5 264.0
214.0 247.0
156.5 338.5
175.0 333.5
198.5 330.5
222.0 333.5
244.5 342.0
227.5 364.0
196.0 371.5
167.5 359.5
117.0 340.0
123.0 361.0
130.0 379.0
142.0 398.0
154.5 410.0
180.0 420.0
204.0 421.5
233.0 417.5
247.5 407.5
267.5 394.0
278.5 377.5
294.5 359.5
301.0 337.0
58
76
163.5 234.5
176.0 222.5
191.0 219.0
204.5 221.5
221.0 227.0
269.5 227.0
285.5 216.5
298.5 216.5
314.5 218.5
325.5 227.0
183.0 251.5
188.0 244.0
199.0 239.0
210.0 239.0
221.0 244.5
210.5 250.0
201.5 252.0
191.5 253.5
270.5 244.0
281.0 236.0
290.0 234.5
301.0 236.5
310.0 243.0
302.0 246.0
290.5 248.0
281.0 248.5
230.5 245.5
231.0 269.0
227.5 284.0
220.0 305.0
232.0 313.5
244.5 319.5
258.0 313.5
269.0 301.5
262.0 286.0
258.0 264.5
259.0 243.0
203.0 334.0
223.5 328.5
248.5 330.0
273.5 325.5
300.0 328.5
278.0 355.0
252.5 367.0
221.5 356.0
153.0 315.5
159.0 336.5
170.0 357.5
186.5 380.5
204.5 394.0
225.0 407.0
253.5 411.5
280.0 404.5
298.5 391.0
314.5 376.5
328.5 360.5
339.5 340.5
345.0 309.0
58
77
162.5 264.5
177.5 252.5
188.5 249.5
203.5 252.5
220.0 257.0
259.0 251.5
273.5 246.0
286.5 241.0
299.0 241.5
309.5 247.0
177.0 275.0
185.0 271.0
194.5 265.5
206.5 266.5
216.0 273.5
207.5 277.0
197.0 280.0
187.5 279.0
271.5 269.5
279.5 262.0
290.0 260.5
302.5 263.5
311.0 268.0
302.5 270.5
291.5 272.0
280.5 272.5
226.5 270.0
222.0 288.5
218.0 307.0
213.5 335.5
224.0 344.5
238.0 343.5
250.0 340.0
265.5 332.0
259.0 308.5
254.5 290.5
254.0 268.5
207.0 364.5
220.5 363.0
244.5 363.5
271.5 360.0
299.5 359.5
275.0 385.5
242.0 396.0
217.5 389.5
164.0 353.0
172.0 380.5
185.0 411.0
193.5 430.0
208.5 448.0
225.0 458.5
252.0 465.5
291.5 456.5
315.0 445.0
340.0 425.0
358.0 404.0
376.0 383.5
391.5 353.0
58
79
85.0 129.5
92.5 126.5
99.5 126.0
106.0 125.5
114.0 127.5
147.5 130.0
155.5 128.5
164.0 128.5
170.5 128.5
177.5 131.0
92.0 142.0
96.0 141.0
101.5 140.5
105.5 140.5
111.5 141.0
106.0 142.5
101.5 143.0
97.5 143.5
148.5 141.0
154.0 141.0
157.5 140.5
161.5 141.5
166.5 142.0
162.0 143.5
157.5 143.5
153.5 143.0
124.0 137.0
123.0 151.5
121.0 160.0
114.5 171.0
121.5 174.5
128.0 177.0
137.0 176.5
143.5 169.5
139.0 161.5
138.0 150.5
135.5 138.5
101.0 191.0
112.5 185.5
128.5 185.5
144.0 186.0
158.5 191.5
146.0 207.0
128.5 211.0
111.5 203.5
73.0 170.0
74.0 189.0
79.5 204.0
87.0 213.0
97.5 224.5
114.0 232.0
128.0 234.5
150.0 232.5
165.5 223.0
173.5 215.5
181.5 204.5
186.5 194.5
191.0 179.0
58
80
107.0 165.5
114.0 161.0
122.0 158.5
130.5 158.0
137.0 158.5
165.5 155.5
175.0 155.5
185.0 158.0
192.0 160.5
198.0 162.5
116.5 173.5
120.0 170.75
124.75 170.0
129.0 169.5
133.25 172.0
128.5 174.25
124.25 174.75
119.5 174.75
170.25 171.0
173.75 169.0
178.75 169.75
182.5 170.25
186.5 172.5
182.25 173.5
177.75 173.75
173.75 173.0
145.0 168.0
144.0 182.5
142.0 191.0
135.25 204.25
143.25 208.75
150.5 209.0
158.75 208.75
167.0 202.0
160.75 192.25
158.5 181.25
159.0 168.25
131.25 234.75
140.0 226.25
153.25 223.5
166.0 227.0
175.25 234.5
167.5 245.5
153.25 248.75
140.75 243.5
101.5 211.0
103.5 227.5
106.5 239.5
111.5 249.5
121.0 262.5
137.5 271.5
155.5 275.0
176.0 272.0
190.5 265.0
199.5 253.5
205.5 240.0
207.5 227.5
212.0 210.0
58
81
61.5 134.25
67.0 132.75
72.75 132.25
79.25 134.25
85.5 137.25
107.75 139.25
115.0 139.75
121.0 141.25
127.25 142.75
132.25 145.5
65.25 143.25
68.75 142.0
73.25 142.25
76.5 143.0
80.0 145.5
76.5 146.25
72.75 145.75
69.0 145.5
108.5 148.75
113.25 146.0
118.25 146.25
123.5 146.5
128.0 149.75
122.75 151.75
118.0 152.0
112.75 151.0
87.5 147.5
86.0 154.0
83.25 158.75
79.0 166.75
85.0 169.75
90.75 171.75
96.75 171.0
103.25 166.75
100.25 159.0
99.5 152.75
98.75 146.75
79.75 184.0
87.25 181.25
95.5 182.5
104.75 185.0
114.75 187.25
107.5 195.25
94.0 196.0
86.25 192.5
57.25 157.25
57.75 171.75
59.5 184.0
65.75 192.5
77.25 202.5
85.5 210.0
99.75 214.0
117.25 213.0
130.0 207.5
140.5 200.75
148.0 192.0
152.75 185.25
158.25 174.5
58
82
76.0 158.75
84.0 153.25
92.0 151.75
100.0 152.0
109.75 152.75
132.5 153.5
141.5 148.25
149.75 147.5
157.75 149.0
166.25 151.5
88.0 167.0
91.25 164.0
95.75 163.75
101.75 163.25
107.0 166.25
101.75 167.5
96.5 168.0
92.0 168.0
135.875 163.125
141.375 159.375
147.0 158.875
153.0 159.0
160.125 162.5
153.625 165.75
148.25 165.875
142.75 165.875
114.75 164.25
113.5 178.0
110.0 189.0
105.0 199.5
113.0 206.0
121.5 209.75
130.0 206.0
136.75 198.75
130.25 187.0
128.25 177.75
127.5 164.75
98.75 223.0
109.25 216.25
124.0 215.25
135.5 213.5
154.25 217.5
142.5 236.25
125.25 240.75
108.75 236.75
70.75 208.0
74.5 225.25
79.0 234.75
86.25 245.0
95.75 256.75
107.75 263.5
124.5 266.75
144.5 263.25
162.75 255.0
172.75 243.75
179.0 232.75
184.25 222.0
189.75 201.0
58
98
340.0 719.0
382.0 704.0
424.0 700.0
475.0 699.0
532.0 709.0
662.0 702.0
706.0 696.0
762.0 690.0
819.0 700.0
860.0 718.0
402.0 759.0
428.0 744.0
458.0 736.0
489.0 735.0
519.0 753.0
488.0 762.0
461.0 762.0
429.0 761.0
709.0 748.0
738.0 732.0
775.0 723.0
806.0 733.0
831.0 747.0
803.0 756.0
774.0 752.0
744.0 752.0
562.0 765.0
545.0 825.0
535.0 868.0
509.0 952.0
548.0 974.0
600.0 992.0
656.0 979.0
711.0 954.0
685.0 887.0
668.0 823.0
668.0 762.0
457.0 1084.0
530.0 1043.0
615.0 1045.0
702.0 1045.0
792.0 1067.0
731.0 1161.0
597.0 1189.0
526.0 1163.0
301.0 1031.0
325.0 1130.0
359.0 1215.0
403.0 1276.0
465.0 1340.0
538.0 1370.0
635.0 1383.0
733.0 1365.0
806.0 1318.0
877.0 1245.0
905.0 1201.0
933.0 1118.0
948.0 1033.0
58
99
323.0 507.0
360.0 498.0
394.0 490.0
424.0 495.0
455.0 502.0
569.0 507.0
600.0 499.0
634.0 496.0
660.0 497.0
683.0 508.0
359.0 533.0
380.0 521.0
404.0 517.0
430.0 520.0
446.0 537.0
421.0 544.0
397.0 541.0
377.0 539.0
573.0 540.0
589.0 523.0
608.0 513.0
631.0 522.0
650.0 529.0
632.0 538.0
613.0 542.0
595.0 544.0
489.0 536.0
490.0 589.0
482.0 614.0
465.0 664.0
495.0 690.0
525.0 709.0
552.0 693.0
577.0 669.0
563.0 621.0
552.0 590.0
550.0 545.0
402.0 736.0
457.0 728.0
520.0 739.0
564.0 731.0
596.0 734.0
572.0 781.0
516.0 811.0
442.0 788.0
254.0 644.0
268.0 693.0
285.0 748.0
317.0 806.0
366.0 850.0
416.0 887.0
501.0 906.0
572.0 876.0
598.0 838.0
637.0 779.0
665.0 726.0
675.0 668.0
685.0 621.0
